fixtures/native/windows-app/golden-0.1.json
  s_142b4d269ec35e::t_46d331c8ec0b8f 6,23,51,75,78,80,84-85,93,146-147,166,184,207,230,250,268,288,308,332,353,374,399,419,439,462,482,502,522,545,563,581,599,617,632,650,668,686,703,748-749,768,786,809,832,852,870,890,910,934,955,976,1001,1021,1041,1064,1084,1104,1124,1147,1165,1183,1201,1219,1234,1252,1270,1288,1305,1350-1351,1370,1388,1411,1434,1454,1472,1492,1512,1536,1557,1578,1603,1623,1643,1666,1686,1706,1726,1749,1767,1785,1803,1821,1836,1854,1872,1890,1907,1952-1953,1972,1990,2013,2036,2056,2074,2094,2114,2138,2159,2180,2205,2225,2245,2268,2288,2308,2328,2351,2369,2387,2405,2423,2438,2456,2474,2492,2509,2562-2563,2582,2600,2623,2646,2666,2684,2704,2724,2748,2769,2790,2815,2835,2855,2878,2898,2918,2938,2961,2979,2997,3015,3033,3048,3066,3084,3102,3119,3164-3165,3184,3202,3225,3248,3268,3286,3306,3326,3350,3371,3392,3417,3437,3457,3480,3500,3520,3540,3563,3581,3599,3617,3635,3650,3668,3686,3704,3721,3766-3767,3786,3804,3827,3850,3870,3888,3908,3928,3952,3973,3994,4019,4039,4059,4082,4102,4122,4142,4165,4183,4201,4219,4237,4252,4270,4288,4306,4323,4368-4369,4388,4406,4429,4452,4472,4490,4510,4530,4554,4575,4596,4621,4641,4661,4684,4704,4724,4744,4767,4785,4803,4821,4839,4854,4872,4890,4908,4925,4970-4971,4990,5008,5031,5054,5074,5092,5112,5132,5156,5177,5198,5223,5243,5263,5286,5306,5326,5346,5364,5387,5405,5423,5441,5459,5474,5492,5510,5528,5545,5590-5591,5610,5628,5651,5674,5694,5712,5732,5752,5776,5797,5818,5843,5863,5883,5906,5926,5946,5966,5989,6007,6025,6043,6061,6076,6094,6112,6130,6147,6192-6193,6212,6230,6253,6276,6296,6314,6334,6354,6378,6399,6420,6445,6465,6485,6508,6528,6548,6568,6591,6609,6627,6645,6663,6678,6696,6714,6732,6749,6794-6795,6814,6832,6855,6878,6898,6916,6936,6956,6980,7001,7022,7047,7067,7087,7110,7130,7150,7170,7193,7211,7229,7247,7265,7280,7298,7316,7334,7351,7396-7397,7416,7434,7457,7480,7500,7518,7538,7558,7582,7603,7624,7649,7669,7689,7712,7732,7752,7772,7795,7813,7831,7849,7867,7882,7900,7918,7936,7953,7998-7999,8018,8036,8059,8082,8102,8120,8140,8160,8184,8205,8226,8251,8271,8291,8314,8334,8354,8374,8397,8415,8433,8451,8469,8484,8502,8520,8538,8555,8600-8601,8620,8638,8661,8684,8704,8722,8742,8762,8786,8807,8828,8853,8873,8893,8916,8936,8956,8976,8999,9017,9035,9053,9071,9086,9104,9122,9140,9157,9202-9203,9222,9240,9263,9286,9306,9324,9344,9364,9388,9409,9430,9455,9475,9495,9518,9538,9558,9578,9601,9619,9637,9655,9673,9688,9706,9724,9742,9759,9804-9805,9824,9842,9865,9888,9908,9926,9946,9966,9990,10011,10032,10057,10077,10097,10120,10140,10160,10180,10203,10221,10239,10257,10275,10290,10308,10326,10344,10361,10443-10444,10463,10481,10504,10527,10547,10565,10585,10605,10629,10650,10671,10696,10716,10736,10759,10779,10799,10819,10842,10860,10878,10896,10914,10929,10947,10965,10983,11000,11045-11046,11065,11083,11101,11106-11107,11126,11144,11167,11190,11210,11228,11248,11268,11292,11313,11334,11359,11379,11399,11422,11442,11462,11482,11505,11523,11541,11559,11577,11592,11610,11628,11646,11663,11708-11709,11728,11746,11764,11769-11770,11789,11807,11830,11853,11873,11891,11911,11931,11955,11976,11997,12022,12042,12062,12085,12105,12125,12145,12168,12186,12204,12222,12240,12255,12273,12291,12309,12326,12372-12373,12392,12410,12433,12456,12476,12494,12514,12534,12558,12579,12600,12625,12645,12665,12688,12708,12728,12748,12771,12789,12807,12825,12843,12858,12876,12894,12912,12929,12974-12975,12994,13012,13035,13058,13078,13096,13116,13136,13160,13181,13202,13227,13247,13267,13290,13310,13330,13350,13373,13391,13409,13427,13445,13460,13478,13496,13514,13531,13725,13778-13779,13798,13816,13839,13862,13882,13900,13920,13940,13964,13985,14006,14031,14051,14071,14094,14114,14134,14154,14177,14195,14213,14231,14249,14264,14282,14300,14318,14335,14380-14381,14400,14418,14441,14464,14484,14502,14522,14542,14566,14587,14608,14633,14653,14673,14696,14716,14736,14756,14779,14797,14815,14833,14851,14866,14884,14902,14920,14937,14982-14983,15002,15020,15043,15066,15086,15104,15124,15144,15168,15189,15210,15235,15255,15275,15298,15318,15338,15358,15381,15399,15417,15435,15453,15468,15486,15504,15522,15539,15584-15585,15604,15622,15645,15668,15688,15706,15726,15746,15770,15791,15812,15837,15857,15877,15900,15920,15940,15960,15983,16001,16019,16037,16055,16070,16088,16106,16124,16141,16194-16195,16214,16232,16255,16278,16298,16316,16336,16356,16380,16401,16422,16447,16467,16487,16510,16530,16550,16570,16593,16611,16629,16647,16665,16680,16698,16716,16734,16751,16796-16797,16816,16834,16857,16880,16900,16918,16938,16958,16982,17003,17024,17049,17069,17089,17112,17132,17152,17172,17195,17213,17231,17249,17267,17282,17300,17318,17336,17353,17398-17399,17418,17436,17459,17482,17502,17520,17540,17560,17584,17605,17626,17651,17671,17691,17714,17734,17754,17774,17797,17815,17833,17851,17869,17884,17902,17920,17938,17955,18000-18001,18020,18038,18061,18084,18104,18122,18142,18162,18186,18207,18228,18253,18273,18293,18316,18336,18356,18376,18399,18417,18435,18453,18471,18486,18504,18522,18540,18557,18602-18603,18622,18640,18663,18686,18706,18724,18744,18764,18788,18809,18830,18855,18875,18895,18918,18938,18958,18978,18996,19019,19037,19055,19073,19091,19106,19124,19142,19160,19177,19222-19223,19242,19260,19283,19306,19326,19344,19364,19384,19408,19429,19450,19475,19495,19515,19538,19558,19578,19598,19621,19639,19657,19675,19693,19708,19726,19744,19762,19779,19824-19825,19844,19862,19885,19908,19928,19946,19966,19986,20010,20031,20052,20077,20097,20117,20140,20160,20180,20200,20223,20241,20259,20277,20295,20310,20328,20346,20364,20381,20426-20427,20446,20464,20487,20510,20530,20548,20568,20588,20612,20633,20654,20679,20699,20719,20742,20762,20782,20802,20825,20843,20861,20879,20897,20912,20930,20948,20966,20983,21028-21029,21048,21066,21089,21112,21132,21150,21170,21190,21214,21235,21256,21281,21301,21321,21344,21364,21384,21404,21427,21445,21463,21481,21499,21514,21532,21550,21568,21585,21630-21631,21650,21668,21691,21714,21734,21752,21772,21792,21816,21837,21858,21883,21903,21923,21946,21966,21986,22006,22029,22047,22065,22083,22101,22116,22134,22152,22170,22187,22232-22233,22252,22270,22293,22316,22336,22354,22374,22394,22418,22439,22460,22485,22505,22525,22548,22568,22588,22608,22631,22649,22667,22685,22703,22718,22736,22754,22772,22789,22834-22835,22854,22872,22895,22918,22938,22956,22976,22996,23020,23041,23062,23087,23107,23127,23150,23170,23190,23210,23233,23251,23269,23287,23305,23320,23338,23356,23374,23391,23436-23437,23456,23474,23497,23520,23540,23558,23578,23598,23622,23643,23664,23689,23709,23729,23752,23772,23792,23812,23835,23853,23871,23889,23907,23922,23940,23958,23976,23993,24075-24076,24095,24113,24136,24159,24179,24197,24217,24237,24261,24282,24303,24328,24348,24368,24391,24411,24431,24451,24474,24492,24510,24528,24546,24561,24579,24597,24615,24632,24677-24678,24697,24715,24733,24738-24739,24758,24776,24799,24822,24842,24860,24880,24900,24924,24945,24966,24991,25011,25031,25054,25074,25094,25114,25137,25155,25173,25191,25209,25224,25242,25260,25278,25295,25340-25341,25360,25378,25396,25401-25402,25421,25439,25462,25485,25505,25523,25543,25563,25587,25608,25629,25654,25674,25694,25717,25737,25757,25777,25800,25818,25836,25854,25872,25887,25905,25923,25941,25958,26004-26005,26024,26042,26065,26088,26108,26126,26146,26166,26190,26211,26232,26257,26277,26297,26320,26340,26360,26380,26403,26421,26439,26457,26475,26490,26508,26526,26544,26561,26606-26607,26626,26644,26667,26690,26710,26728,26748,26768,26792,26813,26834,26859,26879,26899,26922,26942,26962,26982,27005,27023,27041,27059,27077,27092,27110,27128,27146,27163
docs/evidence/p4.2-review-remediation-2026-10-03.md
  s_142b4d269ec35e::t_ee4dc9ef4db409 1-93
---
{
  "schema_version": "authorship/3.0.0",
  "git_ai_version": "1.7.5",
  "base_commit_sha": "2b1f3250b899ec8ba3375c462a1bdff73ed6f570",
  "prompts": {},
  "sessions": {
    "s_142b4d269ec35e": {
      "agent_id": {
        "tool": "codex",
        "id": "01a0a3d6-eeb8-7660-970f-e1aed8da41c5",
        "model": "gpt-6.1-sol"
      },
      "human_author": "PHICHAYUT KOTSUNO <PHICHAYUT.KOT@AXONSTECH.COM>"
    }
  }
}